172
2 368 496 
2 2 281 
2 4 493 
2 491 287 
2 489 9 
2 488 487 
2 485 483 
2 481 480 
2 290 479 
2 478 477 
2 476 471 
2 275 470 
2 469 291 
2 272 293 
2 270 296 
2 30 466 
2 265 465 
2 464 297 
2 303 37 
2 262 39 
2 260 305 
2 42 43 
2 257 255 
2 253 458 
2 457 49 
2 308 51 
2 456 53 
2 312 309 
2 248 57 
2 58 246 
2 243 313 
2 62 63 
2 440 436 
2 241 67 
2 68 314 
2 239 435 
2 238 428 
2 74 75 
2 316 77 
2 317 318 
2 232 321 
2 82 83 
2 84 85 
2 426 87 
2 88 323 
2 418 417 
2 229 416 
2 94 228 
2 96 415 
2 98 413 
2 227 224 
2 102 103 
2 223 222 
2 389 327 
2 408 220 
2 110 406 
2 331 404 
2 216 215 
2 335 402 
2 118 338 
2 211 398 
2 122 340 
2 393 125 
2 126 127 
2 209 206 
3 130 131 205 
3 133 134 135 
3 342 137 202 
3 343 140 176 
3 142 143 344 
3 145 146 386 
3 346 383 150 
3 194 349 354 
3 382 381 380 
3 157 191 355 
3 357 161 250 
3 374 184 183 
3 179 167 168 
3 169 370 171 
3 178 173 366 
3 284 106 174 
3 172 372 365 
3 363 361 373 
3 164 185 186 
3 359 377 160 
3 378 379 153 
3 152 151 195 
3 347 148 198 
3 144 200 390 
3 138 136 204 
3 132 129 207 
3 341 128 395 
3 401 339 119 
3 116 115 114 
3 217 332 112 
3 109 107 411 
3 104 101 325 
3 226 100 95 
3 92 425 81 
3 80 233 79 
3 78 76 237 
3 432 70 69 
3 66 446 450 
3 244 245 59 
3 247 56 453 
3 54 251 50 
3 46 254 45 
3 307 44 41 
3 259 40 304 
3 460 36 461 
3 32 29 267 
3 295 269 468 
3 27 26 25 
3 274 22 16 
3 289 490 285 
3 280 494 282 
3 124 364 497 
3 3 278 6 
3 8 276 10 
3 13 18 294 
3 268 474 472 
3 23 24 467 
3 31 302 263 
3 459 55 449 
3 447 444 442 
4 438 283 188 242 
4 437 65 71 235 
4 431 429 427 89 
4 424 230 422 225 
4 90 91 328 99 
4 412 105 218 407 
4 403 214 336 117 
4 400 399 121 397 
4 203 201 123 345 
4 394 392 348 391 
4 139 351 388 353 
4 192 384 149 159 
4 162 163 177 180 
4 362 375 277 258 
4 360 367 175 498 
4 60 61 445 20 
4 187 499 249 439 
4 271 240 292 181 
4 433 356 473 385 
4 147 387 430 320 
4 231 193 311 273 
4 5 199 396 208 
4 409 15 324 419 
4 288 19 34 405 
4 219 236 455 310 
4 452 111 113 329 
4 108 451 155 221 
4 448 48 210 463 
4 371 0 298 350 
4 38 166 52 376 
4 264 234 486 475 
4 434 261 443 158 
4 156 266 64 11 
4 319 73 484 141 
4 213 120 462 337 
4 170 72 410 182 
4 301 495 334 358 
4 154 352 86 189 
4 7 414 17 212 
4 492 14 330 299 
4 322 21 421 1 
4 315 256 279 454 
4 306 482 300 33 
4 165 47 326 12 
4 420 441 423 252 
4 97 93 333 197 
4 286 196 190 35 
