1628
2 5112 1432 
2 8362 9738 
2 4748 7189 
2 4603 7039 
2 6795 5004 
2 6906 8005 
2 494 8225 
2 9581 350 
2 1387 3850 
2 4347 8218 
2 8350 2971 
2 1367 2975 
2 1363 6552 
2 3962 3551 
2 7169 8069 
2 2014 3959 
2 7708 3288 
2 5762 3285 
2 1577 3378 
2 6712 7641 
2 8575 9824 
2 1790 3277 
2 5139 2593 
2 8619 8795 
2 5385 7774 
2 5630 2404 
2 4543 2609 
2 9061 8169 
2 7908 9517 
2 2217 8490 
2 8492 3800 
2 2273 4459 
2 817 7144 
2 6399 8971 
2 8404 8916 
2 3206 6276 
2 4722 1566 
2 6271 1300 
2 2048 1842 
2 1736 9494 
2 3720 2063 
2 6775 9420 
2 2258 420 
2 7810 9918 
2 4934 7469 
2 783 6987 
2 92 4265 
2 8538 4264 
2 9093 701 
2 1262 3130 
2 770 6874 
2 2684 7446 
2 2247 3460 
2 5270 2989 
2 8691 9467 
2 9441 9780 
2 5291 8680 
2 5000 722 
2 7552 1244 
2 7291 8457 
2 6408 9460 
2 9454 5933 
2 7312 4497 
2 4072 5116 
2 7114 1879 
2 5119 1257 
2 8120 2719 
2 102 6084 
2 9428 2677 
2 8102 3185 
2 4275 1910 
2 6116 7226 
2 5258 4207 
2 9417 4921 
2 6267 8800 
2 3436 1280 
2 9481 6138 
2 2655 2465 
2 6221 2223 
2 8092 6594 
2 9850 4276 
2 663 5312 
2 6433 5016 
2 4903 4462 
2 5243 1309 
2 7082 7790 
2 3230 4889 
2 2151 8074 
2 9067 3652 
2 6898 8403 
2 6867 2618 
2 6383 857 
2 3252 5626 
2 4432 1739 
2 7680 8046 
2 5381 1573 
2 9953 8989 
2 4853 1072 
2 3390 8910 
2 882 9300 
2 3282 5759 
2 35 375 
2 8207 205 
2 5475 2986 
2 2287 3294 
2 6936 3836 
2 929 9567 
2 1370 2341 
2 8993 2290 
2 9725 1011 
2 1771 551 
2 4017 6469 
2 944 8787 
2 5165 5414 
2 8249 3858 
2 3336 6327 
2 7054 4687 
2 2943 6736 
2 1651 246 
2 6159 9607 
2 1420 5186 
2 6475 539 
2 1398 1380 
2 2317 1360 
2 8192 3380 
2 2588 588 
2 8191 1342 
2 3955 3406 
2 5629 5620 
2 655 6139 
2 2641 6431 
2 2643 155 
2 1500 8280 
2 5590 7133 
2 5587 8514 
2 3441 2111 
2 7650 8520 
2 6418 1251 
2 7452 4493 
2 9116 1719 
2 7448 6980 
2 3461 9125 
2 4241 2413 
2 8825 3766 
2 9923 8096 
2 3778 3576 
2 73 2764 
2 5319 9169 
2 8914 6696 
2 9388 9381 
2 8050 7338 
2 2853 9353 
2 7021 5477 
2 2991 8840 
2 7941 2904 
2 914 3550 
2 2369 7034 
2 3831 1014 
2 932 4601 
2 15 3545 
2 320 2005 
2 7589 6325 
2 9287 9998 
2 5062 9308 
2 6722 1603 
2 2638 99 
2 3533 4589 
2 3535 6710 
2 7597 1641 
2 5552 5440 
2 2017 4593 
2 2945 7182 
2 9127 2519 
2 4576 4998 
2 6103 5202 
2 7933 8666 
2 7113 9740 
2 7705 6360 
2 8121 1245 
2 5857 9290 
2 2507 4114 
2 743 3377 
2 563 6991 
2 8029 3384 
2 3387 7450 
2 8765 9704 
2 9228 1247 
2 4743 3742 
2 9898 7323 
2 2581 1463 
2 5999 3931 
2 4008 1468 
2 8054 440 
2 1792 6236 
2 7035 7811 
2 3603 7348 
2 5221 3571 
2 5634 1795 
2 6503 8959 
2 2455 6043 
2 3081 4084 
2 8512 1493 
2 1112 3197 
2 5228 9939 
2 429 6878 
2 4968 3682 
2 4541 5618 
2 4536 1828 
2 524 9395 
2 2132 7379 
2 8300 2640 
2 4310 927 
2 6217 1123 
2 9947 8416 
2 8649 5597 
2 7029 3198 
2 5818 8481 
2 6190 3876 
2 680 266 
2 9537 2778 
2 1108 9317 
2 9334 1940 
2 1950 9477 
2 9782 3572 
2 5971 5878 
2 8271 3435 
2 1025 7203 
2 5403 1343 
2 1938 8445 
2 6182 1274 
2 8974 1104 
2 2286 7575 
2 9992 135 
2 6048 9967 
2 3732 52 
2 470 713 
2 1457 2832 
2 8587 7396 
2 6855 368 
2 9817 6658 
2 1236 4111 
2 569 6369 
2 9113 1748 
2 2871 9445 
2 1752 116 
2 6461 8217 
2 9708 3751 
2 5394 4680 
2 1776 4145 
2 4759 8678 
2 5937 2721 
2 7738 5069 
2 8226 3755 
2 1893 6303 
2 9796 5684 
2 4686 6251 
2 3525 4749 
2 4418 1662 
2 4580 6295 
2 8574 4130 
2 4812 528 
2 9132 1757 
2 6086 4086 
2 3908 4999 
2 9878 9012 
2 7107 3459 
2 7376 2845 
2 1901 1408 
2 4349 3094 
2 8041 9980 
2 6597 7378 
2 9979 7477 
2 223 5486 
2 167 5826 
2 3215 6909 
2 5555 3970 
2 7358 1772 
2 3829 3642 
2 6066 9640 
2 6916 1310 
2 9040 1448 
2 3116 9351 
2 9808 2767 
2 3868 5092 
2 1617 8024 
2 989 3152 
2 4755 8428 
2 2760 6200 
2 8157 3287 
2 3100 9412 
2 5560 1185 
2 5447 3393 
2 724 8255 
2 7503 1676 
2 9112 1033 
2 7455 4159 
2 9666 8188 
2 1241 8764 
2 9949 4864 
2 4180 9455 
2 3245 4039 
2 9147 6523 
2 7160 8953 
2 4760 3815 
2 9916 9480 
2 2735 5405 
2 4872 4342 
2 9783 3430 
2 7317 8279 
2 259 3826 
2 4081 2753 
2 4396 4181 
2 5893 625 
2 8483 9053 
2 6241 3957 
2 3032 8892 
2 8905 7456 
2 9940 1455 
2 6970 4253 
2 4152 9509 
2 2366 5650 
2 3490 4606 
2 2145 8887 
2 8048 2637 
2 3148 495 
2 1379 1017 
2 8467 4015 
2 779 1434 
2 4051 9396 
2 506 4024 
2 3319 3056 
2 3699 1428 
2 1844 1169 
2 8693 4941 
2 4199 1769 
2 344 4350 
2 5050 4897 
2 8782 7053 
2 6820 5984 
2 6872 6004 
2 5033 7328 
2 7244 3960 
2 1855 5109 
2 2780 4471 
2 9279 9758 
2 3711 3093 
2 8706 2644 
2 1144 2923 
2 4799 5354 
2 5571 4304 
2 9997 7304 
2 3701 2679 
2 4654 8301 
2 1019 1314 
2 6422 8515 
2 9191 3556 
2 8843 4454 
2 6802 7816 
2 3589 6758 
2 4905 9510 
2 125 6793 
2 1730 7784 
2 1325 5735 
2 6194 5230 
2 8949 5565 
2 6386 2445 
2 9541 9452 
2 4166 3404 
2 9109 2491 
2 2865 1458 
2 1456 3388 
2 9310 1785 
2 1089 9422 
2 3921 5654 
2 7754 3151 
2 9442 36 
2 5374 2069 
2 9809 981 
2 2869 6067 
2 4364 5390 
2 3979 7837 
2 8622 6588 
2 2844 6061 
2 7722 3627 
2 4125 8243 
2 9731 2302 
2 4590 5673 
2 5976 971 
2 518 339 
2 8385 6092 
2 2938 2714 
2 7609 994 
2 3160 9288 
2 6091 747 
2 2090 4673 
2 7630 1913 
2 7242 9925 
2 8315 1926 
2 718 2276 
2 4927 3779 
2 4499 1255 
2 9897 4068 
2 9472 702 
2 4348 2040 
2 4869 6667 
2 2965 3190 
2 3462 276 
2 2670 7084 
2 6877 6013 
2 1721 8705 
2 2667 3713 
2 2973 8943 
2 3200 8427 
2 6322 9402 
2 4201 5344 
2 5348 3709 
2 4303 2984 
2 2458 2130 
2 7538 6207 
2 6071 6204 
2 6732 841 
2 9064 8973 
2 5143 7411 
2 2037 3236 
2 7027 7070 
2 9518 1048 
2 2815 9058 
2 9831 9827 
2 4338 8184 
2 7765 5704 
2 7701 7762 
2 9049 5871 
2 8769 8627 
2 5695 1365 
2 4745 6608 
2 5930 3359 
2 4597 897 
2 1067 2851 
2 2078 6164 
2 2197 2031 
2 7930 1425 
2 5679 2032 
2 2524 7720 
2 3974 4586 
2 5846 497 
2 5855 1394 
2 330 8033 
2 2187 5858 
2 3659 4420 
2 8025 7763 
2 2822 2613 
2 2015 479 
2 7193 2158 
2 5843 6515 
2 1126 843 
2 454 3946 
2 1028 7073 
2 5605 8285 
2 8723 665 
2 2446 1520 
2 426 5737 
2 4395 2791 
2 5738 3071 
2 2654 8937 
2 4460 2777 
2 7325 3723 
2 3456 2914 
2 9170 4003 
2 9476 397 
2 2675 5103 
2 6954 707 
2 3103 8402 
2 2004 9753 
2 387 2053 
2 3872 721 
2 3036 8544 
2 1239 5288 
2 7619 3162 
2 9707 109 
2 1674 8664 
2 6768 1215 
2 3520 2338 
2 1896 4250 
2 7976 5780 
2 5434 3999 
2 4862 6729 
2 4730 4302 
2 9461 8580 
2 1486 5507 
2 4624 3143 
2 8295 4849 
2 5114 3180 
2 6879 3067 
2 7428 9653 
2 4378 488 
2 4831 8921 
2 7687 4067 
2 861 6895 
2 5334 5761 
2 3342 5572 
2 6041 5372 
2 1232 3770 
2 2387 1900 
2 6863 9598 
3 6555 5500 2350 
3 5248 2099 5071 
3 3740 3733 8352 
3 9389 1637 8234 
3 1312 535 2542 
3 8378 543 913 
3 2855 7582 8484 
3 3232 1680 1069 
3 9531 5805 5307 
3 8125 3264 7285 
3 7505 7572 6908 
3 2868 2894 2893 
3 2992 8790 4744 
3 2606 7562 7867 
3 286 5204 2478 
3 8802 8216 548 
3 4401 8088 3604 
3 3986 7161 7874 
3 7282 9756 1906 
3 8482 8489 5318 
3 1816 6449 6032 
3 317 4021 9335 
3 3010 2135 2321 
3 6786 4585 2322 
3 6211 9497 1630 
3 7806 661 5408 
3 8884 4029 679 
3 8674 6165 5301 
3 6397 694 7437 
3 4815 7435 9924 
3 969 4383 4909 
3 4908 1921 9790 
3 3139 9688 9306 
3 6001 6238 7044 
3 2497 8976 9683 
3 3182 3725 8630 
3 8621 2440 3433 
3 9202 2027 1121 
3 7974 5567 6978 
3 8589 1242 442 
3 7199 5502 9056 
3 1125 2482 3421 
3 852 3065 2816 
3 8262 8926 2414 
3 1560 9630 5506 
3 8917 1446 6502 
3 4652 9697 2394 
3 4295 6896 3351 
3 7714 8324 2374 
3 5089 1417 4587 
3 5667 2534 8339 
3 7601 1643 4472 
3 6362 8869 5320 
3 8394 8847 2547 
3 6465 2768 6813 
3 2263 5031 8414 
3 3304 3998 560 
3 1051 8444 5645 
3 7769 2755 4162 
3 7940 2880 7280 
3 7497 4476 1797 
3 6626 4168 4970 
3 5468 2625 3231 
3 647 166 8710 
3 2119 3726 933 
3 7449 9077 3920 
3 104 4805 90 
3 79 8071 4485 
3 4836 2034 9466 
3 4366 5987 758 
3 6717 7366 1991 
3 5445 1098 2926 
3 6997 2710 3706 
3 5326 1397 5975 
3 3166 2315 4776 
3 8369 547 4118 
3 7191 8386 8358 
3 3098 7947 9034 
3 4974 8126 6292 
3 879 1863 7468 
3 3548 9103 7685 
3 474 3886 5459 
3 2496 8885 2284 
3 3661 1472 980 
3 830 1875 3183 
3 6287 4719 9657 
3 5955 3967 2093 
3 8178 3631 2261 
3 9801 599 7519 
3 5932 4751 5226 
3 5623 4626 9760 
3 7563 1760 7846 
3 4073 4049 1916 
3 1914 3767 1710 
3 6883 951 84 
3 2403 7860 2742 
3 946 3609 4261 
3 9071 7537 7234 
3 4385 6214 2738 
3 2995 3601 3989 
3 3900 8057 6437 
3 8799 4481 3592 
3 8920 4336 9915 
3 3982 5827 3468 
3 8317 1204 100 
3 8909 2438 1894 
3 2256 6424 2616 
3 6861 8460 8531 
3 6951 231 3429 
3 6346 8656 113 
3 4268 4210 3113 
3 692 2041 1272 
3 790 8051 9937 
3 9938 8182 4784 
3 3040 9676 445 
3 2189 6995 9373 
3 8448 584 3650 
3 5716 580 751 
3 3140 7912 2576 
3 9277 710 7747 
3 8841 6926 5711 
3 4324 6299 29 
3 490 5433 1246 
3 8704 6335 2113 
3 2114 351 6317 
3 7354 501 6464 
3 8488 9739 5564 
3 7707 5687 9268 
3 9001 5775 5784 
3 6568 7188 3163 
3 6486 4779 4947 
3 1997 1657 4225 
3 9167 7598 7612 
3 7297 9919 2539 
3 4362 7141 4785 
3 7560 7181 1659 
3 6601 7952 6657 
3 1419 4061 2639 
3 4190 9110 9315 
3 7482 9378 4824 
3 4772 1175 6385 
3 8149 5490 243 
3 7472 4071 2434 
3 2559 7012 4204 
3 9845 9515 7056 
3 7926 5425 8480 
3 2441 7331 1697 
3 7004 6893 787 
3 6394 4278 5707 
3 5656 8476 3805 
3 6333 9654 2501 
3 7767 7904 664 
3 1600 212 9757 
3 5154 8341 1779 
3 2493 8072 7205 
3 2487 5988 6047 
3 2682 46 3814 
3 905 7506 1784 
3 460 1034 1362 
3 4101 705 9956 
3 6889 6847 1780 
3 3005 8349 1791 
3 8208 1482 6140 
3 2494 5927 2177 
3 354 4984 5283 
3 8281 2867 8288 
3 4803 8690 925 
3 8066 5708 8175 
3 5541 731 1193 
3 1449 4083 8357 
3 4448 7691 7520 
3 5392 7126 4391 
3 5065 6532 416 
3 9705 9033 5087 
3 2761 7355 4765 
3 7277 6587 1702 
3 2833 1927 5743 
3 2430 2429 7006 
3 8060 873 1390 
3 6349 5659 2708 
3 8018 3013 1823 
3 1746 5484 8042 
3 2830 8718 334 
3 9133 9163 6218 
3 5525 813 7269 
3 4282 7294 1715 
3 5821 853 9358 
3 3034 4647 3465 
3 6598 6115 2648 
3 1293 6884 6941 
3 2737 9492 8798 
3 6439 4431 2958 
3 2960 6376 2073 
3 1281 8935 941 
3 1759 9674 685 
3 3238 8830 1007 
3 8296 2615 7158 
3 366 2896 8687 
3 8290 4800 7214 
3 1356 4615 9242 
3 3653 6589 8343 
3 6816 5647 5144 
3 2182 7935 3514 
3 9743 8980 3397 
3 7173 8983 9231 
3 5402 7195 1798 
3 4878 7836 6298 
3 4382 8577 9983 
3 7746 2787 732 
3 5520 345 6172 
3 6911 5438 6489 
3 9874 6575 8743 
3 9857 3317 8871 
3 1660 6779 755 
3 5669 4778 4129 
3 5524 592 3764 
3 6943 4223 9841 
3 9408 4023 2156 
3 3537 2849 5435 
3 1156 4397 3014 
3 340 9404 3168 
3 8999 1629 2339 
3 9587 1675 9141 
3 4213 2788 4212 
3 6716 7817 9574 
3 6785 4319 5990 
3 7028 7838 7955 
3 5337 50 5911 
3 3305 8260 3507 
3 3569 8261 6624 
3 8858 7470 4569 
3 8518 126 9766 
3 9095 8327 5532 
3 7869 7776 9203 
3 2396 285 2250 
3 1945 9216 386 
3 624 5411 399 
3 7324 408 991 
3 1041 9791 2626 
3 2209 4183 2071 
3 4528 3128 3594 
3 5232 5102 3597 
3 3776 3881 6117 
3 7137 952 8922 
3 4189 2214 7146 
3 80 1053 5830 
3 4182 5011 7998 
3 945 2623 247 
3 8145 1722 2901 
3 5305 3613 3981 
3 6695 282 9672 
3 3470 9909 9665 
3 2940 5452 4332 
3 3000 891 6113 
3 8904 4346 4087 
3 6672 7284 4368 
3 1368 4991 4560 
3 5314 9405 7676 
3 2183 8335 9185 
3 8623 1786 4045 
3 4033 5039 4838 
3 1392 2362 7336 
3 2118 5269 1173 
3 4881 3710 5076 
3 1682 8846 4296 
3 353 2784 7702 
3 807 7723 1030 
3 7879 7351 5335 
3 1150 3524 7485 
3 1666 1240 878 
3 6728 4707 5880 
3 5841 6538 9615 
3 6826 1229 9177 
3 6791 1431 3538 
3 2139 7718 9439 
3 3855 6974 4289 
3 3676 8856 2981 
3 8724 8583 5194 
3 3702 5662 1441 
3 7604 5797 869 
3 2346 5497 3175 
3 963 3069 42 
3 5152 4682 712 
3 6665 4455 9579 
3 557 9292 6355 
3 4096 5806 1498 
3 8896 8901 8106 
3 3184 7303 8818 
3 9304 4753 7750 
3 3291 8634 9052 
3 7910 5130 5455 
3 7422 3910 4085 
3 5638 2092 9088 
3 9777 5300 233 
3 4542 4178 8140 
3 851 9516 8939 
3 8809 6691 4629 
3 8030 2624 7644 
3 2421 855 3606 
3 5249 7968 1375 
3 8055 8925 3599 
3 4817 2416 6688 
3 9079 8700 4203 
3 1291 2450 1919 
3 2820 5478 3605 
3 4643 6689 6759 
3 1565 4729 1092 
3 1545 9928 4380 
3 4809 75 3452 
3 9520 3250 4404 
3 2449 4900 8294 
3 3737 8105 8091 
3 3418 3964 699 
3 5923 5093 4146 
3 2360 4510 8699 
3 6030 7615 1024 
3 5922 48 8266 
3 1264 585 3512 
3 1962 7402 9184 
3 8982 9639 8888 
3 8111 6413 6089 
3 9262 5712 2979 
3 6892 8510 6977 
3 9118 7495 7698 
3 2292 7728 3952 
3 176 1026 3687 
3 8588 2528 2312 
3 6789 742 3345 
3 2195 8307 5115 
3 1384 8590 8741 
3 7865 6642 4281 
3 9440 7621 6653 
3 3851 744 6928 
3 4552 8852 5562 
3 2599 2233 5022 
3 4539 8611 3061 
3 564 9080 4526 
3 4140 324 9936 
3 5637 4316 8421 
3 874 5795 310 
3 4075 7779 890 
3 3365 6955 98 
3 1670 5284 5285 
3 9911 1604 3372 
3 4343 1389 6609 
3 3923 9449 8112 
3 7128 8330 6992 
3 484 4171 9293 
3 5431 6798 3976 
3 5393 232 9875 
3 1128 8433 667 
3 1692 9503 4945 
3 7997 1782 7798 
3 2917 8308 6530 
3 8306 7023 1528 
3 9401 6372 7440 
3 9840 918 8668 
3 9652 7213 9847 
3 8471 6037 8946 
3 3954 5110 8948 
3 3207 657 3937 
3 4186 4915 7225 
3 9504 985 6011 
3 9482 3630 2454 
3 617 5352 8076 
3 129 5450 7271 
3 6070 2477 122 
3 3996 6080 3575 
3 3574 7566 2701 
3 377 6318 4677 
3 3919 4007 9435 
3 5084 9619 9668 
3 2354 7775 1268 
3 1269 3786 5953 
3 5787 8146 7232 
3 1304 1834 5184 
3 9558 6455 6173 
3 748 3510 5519 
3 6603 8496 389 
3 7256 5195 824 
3 754 3483 5 
3 4563 4866 4566 
3 9430 4105 9562 
3 6573 4242 9416 
3 1644 816 8364 
3 8755 6564 749 
3 3688 3241 8360 
3 7076 5561 3063 
3 9391 4683 5078 
3 1607 265 4665 
3 6235 5703 9805 
3 2392 7996 1003 
3 2408 1548 1543 
3 2079 3938 6020 
3 3410 5126 1773 
3 2448 7301 5034 
3 2813 7157 8070 
3 134 9522 8459 
3 6525 3738 8082 
3 5934 1481 3369 
3 4612 5264 5942 
3 6891 8565 5261 
3 6946 552 3303 
3 6572 2650 8162 
3 1334 1354 14 
3 3874 7755 2236 
3 6910 4056 3771 
3 3739 975 5646 
3 9565 4463 2219 
3 6865 1738 2774 
3 9285 1960 7420 
3 4117 5025 7508 
3 9025 261 1596 
3 3861 6482 8783 
3 5002 9142 8912 
3 3758 1709 2800 
3 2574 2257 9508 
3 2913 9889 1222 
3 6347 8958 8408 
3 1451 2266 2056 
3 5037 5145 4192 
3 2188 2077 4326 
3 2180 2133 3832 
3 1689 364 4299 
3 367 8014 5575 
3 6760 5292 5223 
3 9463 7885 2319 
3 6268 369 1414 
3 6122 5124 5290 
3 7009 8558 1537 
3 3833 5421 2856 
3 8245 3122 2826 
3 1903 3489 4424 
3 1349 2840 6646 
3 6027 7115 1907 
3 1352 8390 3703 
3 6124 3101 2150 
3 6819 3432 4955 
3 4835 8738 7473 
3 9834 8194 7353 
3 2146 5764 4825 
3 5216 357 9899 
3 6900 5868 327 
3 19 4484 996 
3 7905 3934 7390 
3 4315 5501 8504 
3 4321 438 8720 
3 2058 2748 26 
3 9069 3003 43 
3 2355 5801 3646 
3 6780 8205 2998 
3 6145 1038 9273 
3 7147 9994 127 
3 6966 8337 907 
3 2915 5810 1887 
3 3237 7780 5992 
3 1572 2779 8313 
3 4854 4169 6462 
3 5664 2383 3269 
3 8902 6181 3864 
3 9913 5315 6505 
3 5648 9642 5861 
3 1925 4437 6546 
3 95 5159 4931 
3 7051 3614 6949 
3 2918 7414 3568 
3 5465 6663 3649 
3 7403 8151 6310 
3 6886 9343 1301 
3 8013 2361 892 
3 6781 6442 6561 
3 6838 7487 4294 
3 6934 5396 8020 
3 5142 2699 105 
3 792 8370 5546 
3 7016 2846 5935 
3 772 9432 1815 
3 7240 9687 400 
3 5739 3448 6931 
3 1672 716 8582 
3 2283 1687 4446 
3 9195 436 447 
3 9702 3224 6250 
3 9893 2255 9512 
3 2460 5349 3398 
3 1503 476 9144 
3 1373 4827 1990 
3 3298 3289 2646 
3 5075 4329 6521 
3 1143 2729 3735 
3 1213 1124 8270 
3 2818 7478 9115 
3 6029 5847 1052 
3 6764 6348 2419 
3 5867 6056 6869 
3 2409 5415 1957 
3 7999 6059 4924 
3 6338 2103 5996 
3 1592 2969 6324 
3 1966 4345 9762 
3 1602 3562 1442 
3 1605 9750 3554 
3 4010 6440 3007 
3 9385 3043 3045 
3 331 1327 2617 
3 7605 7080 6566 
3 6790 3284 5753 
3 5746 9671 21 
3 7124 3181 6131 
3 5582 6929 3192 
3 6219 5723 3221 
3 7373 5715 3403 
3 6907 9627 3249 
3 7709 8450 595 
3 4154 5608 4219 
3 3943 3865 1 
3 3532 363 8124 
3 9501 5420 5802 
3 9989 7576 9982 
3 561 1698 8127 
3 295 8130 6083 
3 3234 7548 1974 
3 2109 6045 1871 
3 9349 9364 2810 
3 5306 66 8566 
3 4411 1623 6247 
3 3320 5997 8354 
3 250 4608 6191 
3 7143 838 4138 
3 9593 8095 4548 
3 9596 455 2391 
3 4901 2194 1933 
3 8781 6894 3958 
3 6501 9826 5706 
3 141 8550 504 
3 2443 8371 2471 
3 775 810 808 
3 4570 4820 9835 
3 1163 4270 4256 
4 2763 1905 619 9727 
4 8283 496 2631 8669 
4 3948 4277 9253 2208 
4 6687 6262 6801 2244 
4 2864 765 762 8792 
4 9437 5358 4888 3660 
4 3260 2605 5866 469 
4 9403 3640 3683 9643 
4 8995 9803 1655 7517 
4 6599 6487 6755 6062 
4 3622 7207 3774 2530 
4 8688 6423 9392 5660 
4 3171 3315 1968 6099 
4 434 1078 3820 8007 
4 3835 9199 8399 7462 
4 8829 382 1981 6641 
4 7635 8107 6548 3565 
4 8708 2972 9104 5412 
4 2003 2792 5799 578 
4 681 4429 2724 2479 
4 2397 2796 5765 9485 
4 5781 5655 9729 6100 
4 1531 5768 6975 9621 
4 7918 8942 9728 7591 
4 8269 3598 2704 7587 
4 6979 8719 7593 5289 
4 2178 7568 7254 9130 
4 9763 5580 4503 4433 
4 5302 3458 7265 6120 
4 6625 9781 704 2744 
4 715 6135 254 239 
4 2666 4993 8774 2857 
4 5053 3971 6610 3634 
4 3638 8526 7681 6249 
4 187 5054 785 7295 
4 614 4816 612 3366 
4 4540 1328 6836 6837 
4 9174 2468 2838 8551 
4 4119 7892 9054 601 
4 8016 8181 2336 1633 
4 8966 9377 5185 2021 
4 9945 7352 7979 7049 
4 6388 2794 5091 2001 
4 4568 2225 6169 2067 
4 8962 1733 979 1386 
4 3856 5974 5129 9039 
4 4353 2970 8078 7164 
4 8899 2976 4127 9563 
4 505 8586 9160 1008 
4 5692 4756 1794 1103 
4 4674 2371 5196 9352 
4 4037 5956 6810 8236 
4 2270 7913 7620 8351 
4 1088 4844 6706 2275 
4 4492 9108 1083 6286 
4 3918 4005 277 3995 
4 1421 7539 3172 5842 
4 3159 119 9789 3066 
4 1459 8878 8657 1294 
4 7891 3666 3729 6044 
4 5242 5894 9872 2084 
4 9867 7288 5224 2630 
4 9424 5914 9219 5946 
4 6025 2521 1544 6488 
4 4700 1057 5111 9244 
4 3668 4531 6771 3925 
4 5852 7831 1070 2678 
4 3552 832 6368 4306 
4 6106 4370 9926 3077 
4 4850 2902 1626 3204 
4 5138 4852 4121 3501 
4 3009 2262 5193 9677 
4 7380 4070 4436 8788 
4 5688 9207 5670 3848 
4 9026 7737 7967 581 
4 2076 3283 7046 4735 
4 5339 8292 7370 3560 
4 3374 9005 2690 6723 
4 1860 4936 2327 8844 
4 4873 2930 4288 5432 
4 4115 7263 4988 1263 
4 3392 6679 7893 967 
4 966 8083 6504 1977 
4 1366 7341 9513 9090 
4 1967 1042 4515 9018 
4 9792 2174 3975 8848 
4 623 8122 8377 2131 
4 4782 5874 5217 2249 
4 4530 1956 3354 2739 
4 1155 606 7442 9493 
4 2850 2316 4341 3867 
4 2513 9544 5180 3528 
4 5303 5369 5750 3731 
4 4698 4142 390 9066 
4 8547 4110 7287 6014 
4 7038 3481 9355 3478 
4 9180 4035 1758 7928 
4 9249 553 5353 7760 
4 7180 7300 4274 7866 
4 7599 1315 7739 8552 
4 3741 4963 3675 2411 
4 3953 5012 7645 5748 
4 3033 107 9211 190 
4 7909 7498 9912 410 
4 2251 8672 8274 7649 
4 503 1005 8391 8023 
4 1489 6379 4113 2171 
4 237 3909 244 6807 
4 5256 7227 7787 2474 
4 9658 2925 7794 6072 
4 1267 5367 6345 5967 
4 6507 8329 4620 8017 
4 1402 8598 4408 8099 
4 1189 1826 9153 6888 
4 262 3408 7886 5521 
4 4216 1490 3358 284 
4 3068 4795 235 9462 
4 809 2097 4280 2291 
4 8522 6057 4618 8838 
4 1225 1628 5675 1141 
4 9842 1219 2347 352 
4 4919 5407 6684 7625 
4 6019 294 9444 7062 
4 6982 8963 2523 5485 
4 8436 1338 9206 475 
4 9138 7853 1055 8422 
4 1539 8807 8647 5218 
4 8817 5360 8195 2967 
4 5137 5454 1576 6734 
4 7122 637 6460 3219 
4 5201 2557 2860 5036 
4 6406 3714 4458 7679 
4 7901 4234 6825 2473 
4 7657 9681 7235 4042 
4 1218 4022 7873 6683 
4 1645 7089 8505 6660 
4 7570 2688 2888 9257 
4 9798 8528 5876 9384 
4 4123 856 9379 1151 
4 3326 1438 4317 1741 
4 4920 6765 162 1319 
4 1324 1018 2829 5179 
4 1506 6105 140 138 
4 9348 1931 4834 9902 
4 5220 9331 920 1109 
4 9017 3915 8237 5995 
4 2379 5456 2580 9951 
4 2269 950 7389 4658 
4 8827 9975 5436 8323 
4 7200 2717 9955 222 
4 9266 6277 736 5247 
4 9661 5499 4053 4120 
4 3039 7224 5331 629 
4 993 6374 9136 4409 
4 6950 6996 1982 3768 
4 2568 5668 4500 4266 
4 8813 2876 9700 9427 
4 7293 8521 5491 3837 
4 3612 242 5661 4697 
4 7429 3314 5127 5701 
4 7771 4781 3907 5079 
4 9970 5789 3500 942 
4 8760 1663 6817 7535 
4 5458 7335 8497 5960 
4 4257 6829 7002 1054 
4 8213 5749 2801 2720 
4 5395 8979 6281 9309 
4 5293 2230 6670 1803 
4 8536 9786 957 943 
4 2680 9969 1885 5642 
4 2698 4764 3270 6527 
4 4243 1410 2790 696 
4 5636 9973 8936 248 
4 788 337 1223 4761 
4 5755 9591 3046 761 
4 6918 1515 8620 8906 
4 4930 4967 6806 3684 
4 7031 2044 4128 6707 
4 9903 7438 519 9409 
4 5464 4944 5317 7020 
4 9616 632 1805 1858 
4 3801 9278 4065 3423 
4 8451 8366 1076 591 
4 5554 1345 3119 5760 
4 5936 9339 2042 9622 
4 1285 4519 6403 3179 
4 5135 3624 6750 2910 
4 5545 6536 1243 8171 
4 9076 3054 9318 2204 
4 1872 9237 8735 9950 
4 8113 7932 2620 8254 
4 1068 3290 2349 216 
4 8291 3890 1217 7106 
4 2306 4645 5021 7350 
4 1022 8246 3588 1530 
4 8158 1443 8319 2248 
4 1064 6940 3658 6274 
4 4313 7571 7112 5726 
4 1567 7801 5604 427 
4 8223 8945 4013 5798 
4 5123 3349 7339 6661 
4 1303 8368 4239 8100 
4 1391 2181 7486 9387 
4 4080 4012 1995 7670 
4 8 196 9645 4684 
4 8227 4195 3447 5311 
4 3693 8302 1473 4868 
4 4413 3079 1691 165 
4 6840 1091 5160 4227 
4 5388 6718 8458 6073 
4 8389 8090 9960 9236 
4 492 5588 9904 1745 
4 6114 570 267 3048 
4 9045 5685 4583 8913 
4 3762 3763 9258 527 
4 3331 4133 8185 5943 
4 2018 64 6858 5267 
4 9178 2919 9589 74 
4 7421 6709 2476 374 
4 7185 5677 510 7894 
4 4895 2734 6239 6427 
4 572 8400 2054 220 
4 9883 6652 1727 8424 
4 3936 5639 4423 4109 
4 158 2332 1578 5822 
4 3111 9303 6512 8867 
4 670 7476 6150 9641 
4 9735 6272 2885 5027 
4 2299 5528 3400 9254 
4 2088 9037 5603 3446 
4 7843 2253 5309 8772 
4 4414 4757 1852 2743 
4 6378 2696 6875 4082 
4 3026 6885 700 9347 
4 4198 8156 4006 1346 
4 2997 6767 3667 1035 
4 1970 1295 8475 1859 
4 1337 1608 1176 555 
4 4360 1435 9764 567 
4 4300 6518 5690 650 
4 8230 7025 4229 7646 
4 6866 5105 7854 6543 
4 2140 2561 4547 9208 
4 2107 5057 7241 5542 
4 3722 3988 5015 5709 
4 5689 2660 1454 8928 
4 6860 7377 928 9291 
4 7347 8443 8739 5543 
4 4962 2100 2614 3494 
4 646 8660 4108 380 
4 7897 6458 9628 5296 
4 4191 4512 1145 587 
4 4740 3471 5624 1550 
4 7417 2224 7345 6815 
4 9470 5063 5767 4763 
4 1686 7063 3625 7611 
4 4985 6321 5963 9723 
4 7773 5940 5537 9733 
4 1999 91 2075 8730 
4 5070 1186 8762 4494 
4 3901 609 812 3328 
4 5674 2703 8831 6593 
4 6305 3255 2594 6438 
4 2693 6496 4728 4533 
4 4610 2301 8882 5888 
4 7493 7383 3177 5734 
4 7398 9074 5591 3772 
4 5384 3251 6049 7842 
4 3360 2651 7401 3018 
4 6986 5095 7283 5321 
4 9804 3968 5969 3847 
4 9155 5003 2659 8594 
4 8748 6183 4309 7735 
4 8832 9224 5298 904 
4 8174 3187 4028 4025 
4 4642 3797 1582 2238 
4 8469 1474 3218 7690 
4 6783 3734 3897 8883 
4 2052 5222 8655 1016 
4 4158 7192 8345 7474 
4 2348 8557 5009 1320 
4 6151 3363 3016 5176 
4 3633 1557 1183 9839 
4 6033 8278 4416 8893 
4 2285 5680 3427 5404 
4 9662 9469 2978 6395 
4 8077 2176 423 2863 
4 3440 5862 1890 1631 
4 391 9393 1447 3780 
4 1811 7637 6224 1355 
4 1585 3243 9082 7628 
4 3310 6285 6282 260 
4 8495 9772 7001 1647 
4 822 329 8513 4584 
4 777 9943 566 4738 
4 6535 9934 3296 9316 
4 4712 6930 6167 88 
4 3194 536 8062 2229 
4 4122 5568 5322 1599 
4 2365 5961 3823 5088 
4 5928 5925 5691 2359 
4 8170 880 5964 5495 
4 2955 671 3019 1066 
4 2515 9369 4417 763 
4 1195 7651 8676 7511 
4 1289 1850 2658 2665 
4 3486 8219 3051 2897 
4 6644 7257 1829 2756 
4 9117 4721 4937 5423 
4 7887 3871 9030 5792 
4 815 7360 7749 8969 
4 6622 8595 7364 6881 
4 3109 2433 3852 4271 
4 299 9371 7858 3549 
4 8631 1555 9788 5479 
4 4365 5473 9794 3529 
4 4828 7840 7260 6880 
4 2352 9811 2633 3158 
4 3453 6945 8532 9084 
4 3644 1864 112 114 
4 5263 9905 1862 2933 
4 5929 1039 7797 5722 
4 3414 2700 5364 1832 
4 6634 8503 5275 4422 
4 607 7162 6009 9547 
4 5892 5347 4733 8812 
4 544 4441 1211 1764 
4 3434 4466 8763 2909 
4 4421 8087 7174 4443 
4 1460 3341 9610 7171 
4 549 1254 577 7484 
4 9625 3680 5924 486 
4 5365 481 6445 3395 
4 9217 7156 4377 3417 
4 9087 6871 7987 2663 
4 9006 5595 2636 7977 
4 418 3157 3472 1348 
4 6447 9696 7120 6108 
4 8221 1911 2540 9800 
4 4334 2505 9465 7845 
4 8265 306 764 5493 
4 5968 1465 7585 6069 
4 3064 5509 4272 1989 
4 6314 829 3211 1838 
4 2211 1097 5417 1470 
4 3102 1881 3350 272 
4 498 8820 2931 5837 
4 2126 4625 4660 7802 
4 2966 9991 3164 7958 
4 8569 5581 3095 6094 
4 1690 5790 7154 2492 
4 7458 228 1107 4389 
4 806 6556 690 5437 
4 5717 6470 870 4507 
4 5576 3415 3977 2834 
4 7392 9447 798 6375 
4 9360 5985 3487 7184 
4 6201 9505 8209 964 
4 9886 910 9829 6209 
4 4741 6933 521 6633 
4 3961 4445 2622 1182 
4 5328 720 7655 2653 
4 799 3450 8549 1102 
4 6830 202 1619 9448 
4 1153 2607 8373 8661 
4 6330 2029 4513 7465 
4 5215 571 641 2921 
4 9410 9099 1113 3118 
4 1258 9021 2363 3405 
4 7528 1437 77 4780 
4 4614 2122 6024 8581 
4 8600 4287 485 1525 
4 1706 4218 7327 1511 
4 298 9774 5516 1477 
4 7159 1252 8744 3346 
4 3193 1216 7055 5297 
4 6808 3202 3165 6153 
4 6591 2681 7949 1273 
4 1924 7513 8154 3637 
4 1929 997 4794 2916 
4 8173 2908 542 9324 
4 9693 1813 3025 1941 
4 7072 1358 6453 6787 
4 2569 1588 8052 6854 
4 6745 5786 4027 3084 
4 2842 4676 8944 2847 
4 3090 2426 6876 5080 
4 9884 6968 8312 6082 
4 309 314 3522 2370 
4 2518 3497 2552 9226 
4 7311 8749 5376 6358 
4 3073 1395 8211 8891 
4 9139 9694 6615 4384 
4 9495 9330 7719 3333 
4 4938 9673 3138 9669 
4 939 8805 9081 5282 
4 3898 6341 9484 191 
4 448 8131 7973 2959 
4 5884 8826 5439 5887 
4 1158 9646 9000 466 
4 6969 8681 7125 6763 
4 6967 3670 5272 5030 
4 5068 2082 5428 8703 
4 6947 4486 6344 7111 
4 5978 7299 6081 1317 
4 9814 8890 1857 9438 
4 5757 1207 3477 1944 
4 5965 9601 1139 3488 
4 7394 4258 6912 7246 
4 2562 9865 4971 1095 
4 4575 3279 6179 5351 
4 2142 2882 2013 3254 
4 6278 8998 7531 8717 
4 6382 8303 5589 7109 
4 3479 9046 5601 9027 
4 7372 2526 326 2511 
4 8008 4393 6754 4609 
4 9964 3080 8257 7131 
4 2049 8662 805 5788 
4 6186 315 7405 2948 
4 106 5252 517 1499 
4 8499 8927 3426 2757 
4 215 3150 3335 1278 
4 1075 9188 9120 515 
4 5698 1079 5569 3409 
4 5072 6579 4715 8396 
4 4710 9832 940 5259 
4 7066 6154 7492 9815 
4 449 3700 2745 2175 
4 8365 9854 776 8356 
4 6948 6542 2372 974 
4 7272 3600 6162 271 
4 1693 4160 1060 4014 
4 1306 3790 4020 8533 
4 6999 9212 600 531 
4 7081 3086 1947 4885 
4 4205 2517 6708 7808 
4 6737 1407 9023 6468 
4 411 2 6101 9685 
4 7040 7871 6166 7638 
4 9255 308 2587 6216 
4 4648 4077 5241 988 
4 5169 2452 7268 7527 
4 627 6845 2325 2993 
4 961 2314 5877 9098 
4 4718 4040 3663 5889 
4 6416 3240 2725 4177 
4 169 5286 2218 5018 
4 6619 6621 3928 9881 
4 4797 6269 7857 1168 
4 3070 4829 2782 4896 
4 6392 3863 2831 8053 
4 7007 4148 4153 3091 
4 9506 1846 7052 130 
4 9190 5596 7258 2510 
4 6773 3195 175 4373 
4 1973 2936 7827 9233 
4 2108 1000 2168 8073 
4 7245 6401 7332 6919 
4 8615 1902 9990 7916 
4 768 2611 3707 5614 
4 5055 2635 759 9837 
4 6749 4846 7654 7781 
4 5678 8039 1077 3117 
4 12 3419 450 7211 
4 8646 2866 5147 4737 
4 6288 8065 5117 338 
4 8836 9032 4672 3669 
4 1802 3577 8248 8331 
4 3785 653 6354 8596 
4 9478 1579 6230 2147 
4 5607 523 1518 7982 
4 638 4018 3030 4616 
4 7047 672 7623 6136 
4 41 181 1297 7988 
4 3325 8605 1547 8742 
4 323 7900 5038 7656 
4 3444 8381 3222 5740 
4 8463 2740 5469 7772 
4 4819 9473 6832 2821 
4 2066 1594 3502 7766 
4 2773 9648 7855 5851 
4 7334 4701 786 7343 
4 6924 9706 7306 8419 
4 5150 7433 255 6402 
4 1413 2695 8881 1635 
4 8446 5274 3373 5816 
4 8933 9175 4802 895 
4 1541 9623 2543 7732 
4 6905 4327 7058 5973 
4 4768 2161 6018 3495 
4 9259 1412 837 6006 
4 6743 881 6921 1580 
4 1333 871 1658 8560 
4 7989 8155 1597 3210 
4 965 3217 3391 1059 
4 9193 9479 4247 3242 
4 3813 7660 6339 9240 
4 2200 6751 6562 2116 
4 3585 1466 6055 2890 
4 2420 9312 2436 5807 
4 8819 1942 2692 3173 
4 8559 4002 8128 9682 
4 5032 6804 2424 6650 
4 4444 7745 8610 6730 
4 2415 3110 2502 2504 
4 6868 8855 7919 686 
4 3321 5419 9145 7381 
4 8628 4739 4184 9010 
4 3695 9821 38 8794 
4 6143 8429 8147 5782 
4 6435 2551 1020 1082 
4 51 8214 6441 72 
4 695 1575 3467 9041 
4 2597 7239 8540 9298 
4 9051 5742 3027 6065 
4 4059 5238 3492 8228 
4 7626 7279 6142 1808 
4 7061 6474 6797 2537 
4 9020 5188 9634 9375 
4 1882 2522 5273 3503 
4 4269 6753 9434 269 
4 1521 8624 9345 5133 
4 8251 8713 2797 7015 
4 7431 9890 3916 5921 
4 7872 8415 1478 4956 
4 3348 1198 5890 6939 
4 5225 3133 9322 5463 
4 4157 4813 3057 8951 
4 3220 6284 161 9050 
4 4050 9981 4602 3338 
4 6400 9851 697 6088 
4 677 8104 5811 3049 
4 8474 8768 1581 3041 
4 5299 5915 1559 2839 
4 8972 2157 4464 6788 
4 4666 7270 5120 9536 
4 2906 1187 6337 5141 
4 826 4641 3256 4354 
4 9474 7564 3759 2128 
4 8359 626 4457 7321 
4 1583 9386 6618 6714 
4 1462 9107 6343 6054 
4 7716 4594 1405 6007 
4 3343 660 6212 6109 
4 5512 4806 7179 598 
4 8599 8685 3804 6390 
4 8604 9500 394 7342 
4 7668 6000 1854 9060 
4 3671 2051 734 1558 
4 2691 1920 4545 4505 
4 814 6690 9245 3399 
4 2889 2823 9248 2380 
4 4928 9284 6493 1444 
4 8988 6704 8984 2439 
4 4954 7266 2423 3586 
4 9869 8747 7467 2963 
4 6319 1162 5099 4754 
4 9812 3623 5448 9592 
4 5333 6606 9664 7099 
4 6821 5453 6570 8455 
4 938 5819 5535 1298 
4 2895 493 9097 8761 
4 4263 4379 8957 546 
4 7652 9399 9281 1002 
4 9586 8992 7844 8232 
4 8275 4667 7848 1238 
4 5766 9608 2121 6074 
4 9715 3074 3796 2104 
4 7717 9370 8695 7661 
4 1613 7167 2603 8545 
4 1540 1424 9176 273 
4 6079 888 8439 3191 
4 7217 8203 9057 5814 
4 7829 7481 5444 2202 
4 9239 9171 8816 1399 
4 6554 1551 2770 1766 
4 1436 6694 322 9319 
4 5498 3259 4165 6039 
4 4231 6776 1265 2988 
4 9451 9712 3662 3329 
4 8860 8304 5162 4752 
4 8380 1954 4622 6508 
4 2186 3455 9816 2377 
4 823 4517 537 5700 
